data/dubai_001.jpg
4000 1824

1 0 912.0
0 1 2000.0
0 0 1

0.9679398350 0.0208264314 0.2503172698
-0.0169639870 0.9997015726 -0.0175780818
-0.2506086570 0.0127681467 0.9680042745

2818.75

data/dubai_002.jpg
4000 1824

1 0 912.0
0 1 2000.0
0 0 1

1.0000000000 -0.0000000000 0.0000000000
0.0000000000 1.0000000000 -0.0000000000
-0.0000000000 0.0000000000 1.0000000000

2812.93

data/dubai_003.jpg
4000 1824

1 0 912.0
0 1 2000.0
0 0 1

0.9033966017 -0.0475190974 -0.4261648922
0.0409081884 0.9988585905 -0.0246583904
0.4268502080 0.0048426724 0.9043093765

2832.03

