data/dubai_001.jpg
4000 1824

1 0 912.0
0 1 2000.0
0 0 1

0.9505774514 -0.0019646055 0.3104813187
-0.0250769275 0.9962273228 0.0830798955
-0.3094731921 -0.0867597929 0.9469419632

2818.75

data/dubai_002.jpg
4000 1824

1 0 912.0
0 1 2000.0
0 0 1

0.9980838472 0.0029411479 0.0618060165
-0.0092237069 0.9947813437 0.1016120140
-0.0611846162 -0.1019873904 0.9929023189

2812.93

data/dubai_003.jpg
4000 1824

1 0 912.0
0 1 2000.0
0 0 1

0.9281785934 -0.0011506433 -0.3721332756
0.0331253374 0.9962810528 0.0795410323
0.3706578083 -0.0861553237 0.9247648616

2832.03

